             precision    recall  f1-score   support

          0       0.58      0.75      0.65      3461
          1       0.58      0.96      0.72      3860
          2       0.74      0.77      0.76      3559
          3       0.59      0.92      0.72      3577
          4       0.73      0.73      0.73      3411
          5       0.62      0.71      0.66      3115
          6       0.89      0.72      0.80      3426
          7       0.89      0.90      0.89      3768
          8       0.66      0.76      0.71      3375
          9       0.81      0.86      0.83      3390
         10       0.32      0.39      0.35       647
         11       0.15      0.01      0.02       395
         12       0.61      0.66      0.63      1080
         13       0.37      0.36      0.36       446
         14       0.42      0.17      0.24       521
         15       0.39      0.45      0.42       874
         16       0.19      0.12      0.15       254
         17       0.62      0.07      0.13       331
         18       0.35      0.10      0.16      1237
         19       0.59      0.26      0.36       391
         20       0.27      0.27      0.27       232
         21       0.58      0.73      0.65       476
         22       0.48      0.84      0.61       872
         23       0.31      0.34      0.32       804
         24       0.50      0.33      0.40      2470
         25       0.58      0.55      0.56       828
         26       0.28      0.04      0.07       257
         27       0.28      0.33      0.30       493
         28       0.45      0.59      0.51      2099
         29       0.77      0.73      0.75       965
         30       0.49      0.62      0.54      1209
         31       0.36      0.30      0.33       489
         32       0.37      0.39      0.38       467
         33       0.37      0.42      0.39       266
         34       0.32      0.02      0.04       462
         35       0.55      0.02      0.04       274
         36       0.37      0.54      0.44       955
         37       0.60      0.20      0.30       505
         38       0.00      0.00      0.00       243
         39       0.60      0.78      0.68      1036
         40       0.77      0.75      0.76      2462
         41       0.20      0.00      0.01       259
         42       0.11      0.01      0.01       375
         43       0.43      0.62      0.51       900
         44       0.15      0.02      0.03       263
         45       0.29      0.48      0.36       188
         46       0.40      0.01      0.03       283
         47       0.17      0.00      0.01      1533
         48       0.00      0.00      0.00       269
         49       0.72      0.51      0.59      1116
         50       0.00      0.00      0.00       283
         51       0.25      0.00      0.01       224
         52       0.11      0.00      0.01       295
         53       0.79      0.67      0.72      1352
         54       0.00      0.00      0.00       272
         55       0.66      0.55      0.60      1773
         56       0.00      0.00      0.00       274
         57       0.33      0.00      0.01       302
         58       0.25      0.77      0.38       283
         59       0.32      0.20      0.24       279
         60       0.22      0.23      0.22       231
         61       0.44      0.02      0.03       264

avg / total       0.59      0.61      0.58     70000

({'accuracy': 0.6172571, 'global_step': 547, 'average_loss': 1.3181398, 'loss': 168.68335}, {'accuracy': 0.6142143, 'global_step': 547, 'average_loss': 1.3433498, 'loss': 94034.484}, 27)

